# output file for program heat_diffusion_v1.f90
"s"  # time unit
77947826.08695652  # current time
"m"  # X unit
50  # Nx
"m"  # Y unit
100  # Ny
"degree~C"  # temperature unit
.00000000  .59999999  1.19999997  1.79999996  2.39999995  2.99999993  3.59999992  4.19999991  4.79999989  5.39999988  5.99999987  6.59999985  7.19999984  7.79999983  8.39999981  8.99999980  9.59999979  10.19999977  10.79999976  11.39999975  11.99999973  12.59999972  13.19999970  13.79999969  14.39999968  14.99999966  15.59999965  16.19999964  16.79999962  17.39999961  17.99999960  18.59999958  19.19999957  19.79999956  20.39999954  20.99999953  21.59999952  22.19999950  22.79999949  23.39999948  23.99999946  24.59999945  25.19999944  25.79999942  26.39999941  26.99999940  27.59999938  28.19999937  28.79999936  29.39999934  29.99999933  # Xvals
.00000000  .29999999  .59999999  .89999998  1.19999997  1.49999997  1.79999996  2.09999995  2.39999995  2.69999994  2.99999993  3.29999993  3.59999992  3.89999991  4.19999991  4.49999990  4.79999989  5.09999989  5.39999988  5.69999987  5.99999987  6.29999986  6.59999985  6.89999985  7.19999984  7.49999983  7.79999983  8.09999982  8.39999981  8.69999981  8.99999980  9.29999979  9.59999979  9.89999978  10.19999977  10.49999977  10.79999976  11.09999975  11.39999975  11.69999974  11.99999973  12.29999973  12.59999972  12.89999971  13.19999970  13.49999970  13.79999969  14.09999968  14.39999968  14.69999967  14.99999966  15.29999966  15.59999965  15.89999964  16.19999964  16.49999963  16.79999962  17.09999962  17.39999961  17.69999960  17.99999960  18.29999959  18.59999958  18.89999958  19.19999957  19.49999956  19.79999956  20.09999955  20.39999954  20.69999954  20.99999953  21.29999952  21.59999952  21.89999951  22.19999950  22.49999950  22.79999949  23.09999948  23.39999948  23.69999947  23.99999946  24.29999946  24.59999945  24.89999944  25.19999944  25.49999943  25.79999942  26.09999942  26.39999941  26.69999940  26.99999940  27.29999939  27.59999938  27.89999938  28.19999937  28.49999936  28.79999936  29.09999935  29.39999934  29.69999934  29.99999933  # Yvals
# from next line to end: simulated temperature
50.00000075  49.50000073  49.00000072  48.50000070  48.00000069  47.50000067  47.00000066  46.50000064  46.00000063  45.50000061  45.00000060  44.50000058  44.00000057  43.50000055  43.00000054  42.50000052  42.00000051  41.50000049  41.00000048  40.50000046  40.00000045  39.50000043  39.00000042  38.50000040  38.00000039  37.50000037  37.00000036  36.50000034  36.00000033  35.50000031  35.00000030  34.50000028  34.00000027  33.50000025  33.00000024  32.50000022  32.00000021  31.50000019  31.00000018  30.50000016  30.00000015  29.50000013  29.00000012  28.50000010  28.00000009  27.50000007  27.00000006  26.50000004  26.00000003  25.50000001  25.00000000  
50.25000075  49.81135924  49.37248838  48.93319360  48.49328173  48.05256163  47.61084487  47.16794648  46.72368557  46.27788604  45.83037723  45.38099455  44.92958018  44.47598360  44.02006228  43.56168219  43.10071837  42.63705547  42.17058824  41.70122198  41.22887297  40.75346887  40.27494906  39.79326495  39.30838024  38.82027113  38.32892651  37.83434801  37.33655016  36.83556030  36.33141860  35.82417790  35.31390360  34.80067340  34.28457705  33.76571601  33.24420304  32.72016179  32.19372631  31.66504047  31.13425740  30.60153885  30.06705449  29.53098123  28.99350248  28.45480730  27.91508971  27.37454776  26.83338277  26.29179844  25.75000000  
50.50000076  50.12255358  49.74465082  49.36590383  48.98592665  48.60433742  48.22075972  47.83482395  47.44616871  47.05444216  46.65930329  46.26042330  45.85748681  45.45019313  45.03825743  44.62141194  44.19940700  43.77201214  43.33901708  42.90023260  42.45549144  42.00464907  41.54758438  41.08420027  40.61442420  40.13820861  39.65553124  39.16639537  38.67082991  38.16888944  37.66065410  37.14622940  36.62574585  36.09935855  35.56724664  35.02961263  34.48668163  33.93870047  33.38593669  32.82867749  32.26722854  31.70191270  31.13306871  30.56104972  29.98622181  29.40896249  28.82965905  28.24870692  27.66650804  27.08346913  26.50000000  
50.75000077  50.43345482  50.11623081  49.79774691  49.47742532  49.15469429  48.82899027  48.49975988  48.16646202  47.82856988  47.48557290  47.13697875  46.78231522  46.42113210  46.05300294  45.67752680  45.29432989  44.90306717  44.50342378  44.09511645  43.67789476  43.25154233  42.81587782  42.37075587  41.91606787  41.45174260  40.97774668  40.49408497  40.00080069  39.49797548  38.98572921  38.46421968  37.93364211  37.39422854  36.84624693  36.29000020  35.72582510  35.15409082  34.57519760  33.98957505  33.39768039  32.79999661  32.19703041  31.58931007  30.97738327  30.36181472  29.74318384  29.12208223  28.49911125  27.87487945  27.25000000  
51.00000077  50.74393586  50.48697473  50.22834377  49.96727466  49.70300715  49.43479184  49.16189287  48.88359069  48.59918472  48.30799602  48.00936987  47.70267835  47.38732273  47.06273595  46.72838485  46.38377238  46.02843973  45.66196823  45.28398122  44.89414576  44.49217411  44.07782519  43.65090572  43.21127128  42.75882716  42.29352896  41.81538309  41.32444698  40.82082904  40.30468856  39.77623519  39.23572832  38.68347624  38.11983496  37.54520697  36.96003965  36.36482351  35.76009030  35.14641076  34.52439239  33.89467683  33.25793730  32.61487566  31.96621957  31.31271935  30.65514482  29.99428211  29.33093027  28.66589794  28.00000000  
51.25000078  51.05387214  50.85663398  50.65732275  50.45498143  50.24866307  50.03743416  49.82037809  49.59659853  49.36522278  49.12540510  48.87632993  48.61721506  48.34731471  48.06592251  47.77237435  47.46605112  47.14638133  46.81284353  46.46496860  46.10234187  45.72460500  45.33145774  44.92265939  44.49803010  44.05745192  43.60086956  43.12829098  42.63978762  42.13549447  41.61560977  41.08039447  40.53017145  39.96532440  39.38629644  38.79358849  38.18775735  37.56941350  36.93921869  36.29788325  35.64616319  34.98485707  34.31480267  33.63687352  32.95197520  32.26104151  31.56503060  30.86492086  30.16170686  29.45639514  28.75000000  
51.50000079  51.36314231  51.22496636  51.08432171  50.94006494  50.79106462  50.63620533  50.47439186  50.30455320  50.12564659  49.93666146  49.73662333  49.52459757  49.29969308  49.06106588  48.80792250  48.53952327  48.25518540  47.95428592  47.63626443  47.30062554  46.94694122  46.57485283  46.18407287  45.77438655  45.34565298  44.89780617  44.43085562  43.94488666  43.44006050  42.91661384  42.37485832  41.81517943  41.23803530  40.64395497  40.03353650  39.40744460  38.76640809  38.11121695  37.44271917  36.76181721  36.06946437  35.36666074  34.65444910  33.93391047  33.20615961  32.47234035  31.73362073  30.99118809  30.24624417  29.50000000  
51.75000080  51.67162889  51.59173732  51.50898994  51.42205962  51.32963308  51.23041567  51.12313610  51.00655122  50.87945065  50.74066138  50.58905229  50.42353853  50.24308584  50.04671461  49.83350393  49.60259532  49.35319640  49.08458420  48.79610839  48.48719415  48.15734482  47.80614430  47.43325904  47.03843989  46.62152345  46.18243320  45.72118024  45.23786363  44.73267041  44.20587524  43.65783961  43.08901074  42.49992000  41.89118104  41.26348749  40.61761029  39.95439466  39.27475676  38.57967997  37.87021085  37.14745487  36.41257177  35.66677077  34.91130547  34.14746859  33.37658655  32.60001391  31.81912768  31.03532152  30.25000000  
52.00000080  51.97921885  51.95672123  51.93098998  51.90051740  51.86381146  51.81940127  51.76584247  51.70172267  51.62566669  51.53634185  51.43246305  51.31279781  51.17617111  51.02147010  50.84764860  50.65373143  50.43881850  50.20208866  49.94280325  49.66030945  49.35404326  49.02353216  48.66839747  48.28835634  47.88322335  47.45291173  46.99743420  46.51690338  46.01153177  45.48163133  44.92761261  44.34998342  43.74934714  43.12640046  42.48193086  41.81681354  41.13200800  40.42855420  39.70756837  38.97023845  38.21781919  37.45162695  36.67303421  35.88346382  35.08438306  34.27729747  33.46374454  32.64528726  31.82350762  31.00000000  
52.25000081  52.28580424  52.31970247  52.34999934  52.37501004  52.39306730  52.40252738  52.40177626  52.38923557  52.36336856  52.32268598  52.26575178  52.19118874  52.09768387  51.98399371  51.84894933  51.69146119  51.51052370  51.30521950  51.07472347  50.81830642  50.53533841  50.22529178  49.88774370  49.52237842  49.12898904  48.70747884  48.25786227  47.78026531  47.27492549  46.74219141  46.18252173  45.59648369  44.98475120  44.34810235  43.68741653  43.00367104  42.29793723  41.57137626  40.82523439  40.06083789  39.27958758  38.48295303  37.67246643  36.84971621  36.01634037  35.17401963  34.32447042  33.46943764  32.61068748  31.75000000  
52.50000082  52.59128264  52.68047654  52.76571203  52.84513116  52.91689523  52.97919151  53.03023998  53.06829998  53.09167677  53.09872797  53.08786994  53.05758394  53.00642211  52.93301331  52.83606867  52.71438689  52.56685930  52.39247458  52.19032319  51.95960139  51.69961493  51.40978235  51.08963781  50.73883354  50.35714179  49.94445627  49.50079323  49.02629185  48.52121425  47.98594491  47.42098961  46.82697374  46.20464016  45.55484654  44.87856205  44.17686373  43.45093218  42.70204686  41.93158097  41.14099576  40.33183461  39.50571655  38.66432958  37.80942363  36.94280323  36.06631996  35.18186474  34.29135991  33.39675128  32.50000000  
52.75000083  52.89555768  53.03885089  53.17784000  53.31049813  53.43481936  53.54882614  53.65057656  53.73817164  53.80976254  53.86355757  53.89782915  53.91092055  53.90125245  53.86732924  53.80774515  53.72118998  53.60645468  53.46243642  53.28814345  53.08269950  52.84534778  52.57545453  52.27251216  51.93614186  51.56609570  51.16225827  50.72464772  50.25341627  49.74885014  49.21136896  48.64152451  48.03999895  47.40760245  46.74527023  46.05405902  45.33514301  44.58980921  43.81945231  43.02556904  42.20975208  41.37368348  40.51912771  39.64792435  38.76198039  37.86326231  36.95378785  36.03561761  35.11084645  34.18159483  33.25000000  
53.00000083  53.19853943  53.39464588  53.58611437  53.77075370  53.94639532  54.11090130  54.26217225  54.39815522  54.51685147  54.61632409  54.69470556  54.75020496  54.78111516  54.78581958  54.76279885  54.71063699  54.62802742  54.51377848  54.36681866  54.18620132  53.97110902  53.72085737  53.43489838  53.11282326  52.75436471  52.35939862  51.92794521  51.46016957  50.95638156  50.41703509  49.84272686  49.23419432  48.59231316  47.91809404  47.21267884  46.47733617  45.71345642  44.92254617  44.10622212  43.26620447  42.40430987  41.52244387  40.62259304  39.70681673  38.77723842  37.83603695  36.88543739  35.92770185  34.96512008  34.00000000  
53.25000084  53.50014476  53.74769539  53.99028650  54.22556750  54.45121204  54.66492662  54.86445909  55.04760715  55.21222666  55.35623990  55.47764361  55.57451681  55.64502846  55.68744476  55.70013626  55.68158452  55.63038854  55.54527068  55.42508226  55.26880860  55.07557370  54.84464428  54.57543342  54.26750352  53.92056873  53.53449677  53.10931012  52.64518658  52.14245911  51.60161514  51.02329503  50.40829004  49.75753945  49.07212721  48.35327772  47.60235117  46.82083811  46.01035351  45.17263020  44.30951183  43.42294524  42.51497246  41.58772223  40.64340114  39.68428447  38.71270671  37.73105191  36.74174373  35.74723548  34.75000000  
53.50000085  53.80029766  54.09784749  54.39012892  54.67463718  54.94889326  55.21045318  55.45691702  55.68593800  55.89523140  56.08258331  56.24585924  56.38301249  56.49209225  56.57125147  56.61875437  56.63298359  56.61244699  56.55578398  56.46177145  56.32932921  56.15752484  55.94557810  55.69286469  55.39891942  55.06343883  54.68628303  54.26747696  53.80721099  53.30584072  52.76388617  52.18203018  51.56111619  50.90214517  50.20627197  49.47480090  48.70918067  47.91099865  47.08197447  46.22395313  45.33889736  44.42887964  43.49607359  42.54274496  41.57124229  40.58398706  39.58346373  38.57220942  37.55280336  36.52785636  35.50000000  
53.75000086  54.09892945  54.44496488  54.78543604  55.11768941  55.43909876  55.74707494  56.03907552  56.31261440  56.56527127  56.79470095  56.99864243  57.17492785  57.32149102  57.43637580  57.51774403  57.56388313  57.57321328  57.54429414  57.47583112  57.36668108  57.21585754  57.02253525  56.78605421  56.50592301  56.18182149  55.81360278  55.40129455  54.94509961  54.44539567  53.90273450  53.31784017  52.69160661  52.02509448  51.31952714  50.57628603  49.79690524  48.98306545  48.13658713  47.25942322  46.35365106  45.42146394  44.46516195  43.48714254  42.48989051  41.47596779  40.44800274  39.40867938  38.36072622  37.30690513  36.25000000  
54.00000086  54.39597898  54.78892527  55.17602467  55.55448059  55.92152523  56.27442983  56.61051493  56.92716047  57.22181581  57.49200955  57.73535917  57.94958037  58.13249616  58.28204565  58.39629244  58.47343260  58.51180225  58.50988465  58.46631675  58.37989525  58.24958200  58.07450886  57.85398188  57.58748478  57.27468180  56.91541972  56.50972922  56.05782546  55.56010778  55.01715880  54.42974252  53.79880174  53.12545468  52.41099078  51.65686573  50.86469578  50.03625128  49.17344959  48.27834722  47.35313148  46.40011143  45.42170836  44.42044578  43.39893898  42.35988417  41.30604739  40.24025305  39.16537236  38.08431155  37.00000000  
54.25000087  54.69139273  55.12962160  55.56173439  55.98479735  56.39590691  56.79220049  57.17086727  57.52915880  57.86439954  58.17399719  58.45545279  58.70637056  58.92446746  59.10758237  59.25368490  59.36088383  59.42743497  59.45174864  59.43239653  59.36811798  59.25782575  59.10061097  58.89574758  58.64269592  58.34110568  57.99081803  57.59186699  57.14447996  56.64907748  56.10627210  55.51686647  54.88185057  54.20239807  53.47986196  52.71576928  51.91181509  51.06985576  50.19190137  49.28010761  48.33676688  47.36429889  46.36524062  45.34223588  44.29802434  43.23543023  42.15735068  41.06674382  39.96661666  38.86001278  37.75000000  
54.50000088  54.98512489  55.46696218  55.94242774  56.40845674  56.86201585  57.30011462  57.71981669  58.11825097  58.49262263  58.84022389  59.15844466  59.44478278  59.69685400  59.91240165  60.08930580  60.22559206  60.31943981  60.36919003  60.37335240  60.33061191  60.23983479  60.10007374  59.91057248  59.67076950  59.38030111  59.03900363  58.64691476  58.20427412  57.71152296  57.16930292  56.57845401  55.94001165  55.25520287  54.52544165  53.75232340  52.93761866  52.08326597  51.19136402  50.26416308  49.30405572  48.31356698  47.29534391  46.25214464  45.18682699  44.10233667  43.00169516  41.88798734  40.76434887  39.63395345  38.50000000  
54.75000089  55.27713731  55.80087065  56.31799021  56.82530629  57.31966198  57.79794501  58.25709951  58.69413760  59.10615088  59.49032173  59.84393431  60.16438528  60.44919424  60.69601371  60.90263876  61.06701607  61.18725263  61.26162371  61.28858037  61.26675628  61.19497385  61.07224967  60.89779922  60.67104075  60.39159837  60.05930437  59.67420051  59.23653866  58.74678032  58.20559538  57.61385993  56.97265314  56.28325325  55.54713268  54.76595224  53.94155450  53.07595640  52.17134097  51.23004841  50.25456644  49.24752004  48.21166054  47.14985431  46.06507088  44.96037074  43.83889276  42.70384138  41.55847357  40.40608564  39.25000000  
55.00000089  55.56739950  56.13128589  56.68833006  57.23522376  57.76869278  58.28550925  58.78250385  59.25657793  59.70471537  60.12399439  60.51159891  60.86482977  61.18111549  61.45802269  61.69326602  61.88471765  62.03041615  62.12857491  62.17758981  62.17604627  62.12272568  62.01661091  61.85689123  61.64296628  61.37444926  61.05116924  60.67317254  60.24072324  59.75430274  59.21460835  58.62255100  57.97925191  57.28603843  56.54443885  55.75617640  54.92316229  54.04748798  53.13141657  52.17737352  51.18793661  50.16582525  49.11388920  48.03509684  46.93252286  45.80933565  44.66878433  43.51418552  42.34890992  41.17636872  40.00000000  
55.25000090  55.85588846  56.45816177  57.05337798  57.63811671  58.20899279  58.76266904  59.29586892  59.80538902  60.28811149  60.74101612  61.16119224  61.54585023  61.89233274  62.19812542  62.46086720  62.67836013  62.84857855  62.96967775  63.04000193  63.05809147  63.02268949  62.93274764  62.78743105  62.58612245  62.32842541  62.01416670  61.64339767  61.21639470  60.73365873  60.19591370  59.60410417  58.95939178  58.26315088  57.51696314  56.72261123  55.88207158  54.99750635  54.07125445  53.10582189  52.10387137  51.06821118  50.00178360  48.90765267  47.78899158  46.64906962  45.49123884  44.31892050  43.13559123  41.94476918  40.75000000  
55.50000091  56.14258854  56.78146684  57.41308662  58.03392182  58.64048277  59.22932930  59.79708388  60.34044452  60.85619759  61.34123032  61.79254306  62.20726123  62.58264680  62.91610946  63.20521719  63.44770637  63.64149127  63.78467297  63.87554751  63.91261345  63.89457852  63.82036562  63.68911786  63.50020280  63.25321574  62.94798207  62.58455870  62.16323445  61.68452946  61.14919362  60.55820392  59.91276084  59.21428371  58.46440508  57.66496417  56.81799928  55.92573945  54.99059514  54.01514823  53.00214119  51.95446569  50.87515050  49.76734895  48.63432595  47.47944457  46.30615235  45.11796745  43.91846447  42.71126033  41.50000000  
55.75000092  56.42749122  57.10118389  57.76742991  58.42260409  59.06311866  59.68543687  60.28608648  60.86167306  61.40889324  61.92454753  62.40555302  62.84895560  63.25194189  63.61185061  63.92618355  64.19261592  64.40900613  64.57340493  64.68406380  64.73944268  64.73821681  64.67928287  64.56176411  64.38501468  64.14862298  63.85241403  63.49645087  63.08103492  62.60670529  62.07423712  61.48463876  60.83914800  60.13922719  59.38655738  58.58303146  57.73074634  56.83199420  55.88925287  54.90517544  53.88257909  52.82443326  51.73384725  50.61405728  49.46841311  48.30036438  47.11344654  45.91126675  44.69748943  43.47582192  42.25000000  
56.00000092  56.71059485  57.41730941  58.11640233  58.80415576  59.47689032  60.13097904  60.76286125  61.36905626  61.94617697  62.49094306  63.00019402  63.47090175  63.90018272  64.28530975  64.62372321  64.91304163  65.15107178  65.33581797  65.46549072  65.53851458  65.55353523  65.50942565  65.40529140  65.24047505  65.01455950  64.72737042  64.37897762  63.96969532  63.50008144  62.97093576  62.38329698  61.73843875  61.03786457  60.28330170  59.47669398  58.62019373  57.71615264  56.76711182  55.77579100  54.74507705  53.67801168  52.57777875  51.44769092  50.29117597  49.11176275  47.91306697  46.69877671  45.47263790  44.23843972  43.00000000  
56.25000093  56.99190434  57.72985303  58.46001798  59.17859517  59.88182005  60.56598177  61.22743750  61.86262646  62.46808379  63.04045420  63.57650527  64.07314034  64.52741101  64.93652921  65.29787863  65.60902563  65.86772953  66.07195210  66.21986645  66.30986504  66.34056684  66.31082370  66.21972571  66.06660565  65.85104238  65.57286328  65.23214559  64.82921664  64.36465302  63.83927864  63.25416162  62.61061014  61.91016712  61.15460383  60.34591248  59.48629773  58.57816730  57.62412160  56.62694261  55.58958192  54.51514816  53.40689379  52.26820153  51.10257024  49.91360069  48.70498099  47.48047199  46.24389256  44.99910492  43.75000000  
56.50000094  57.27143081  58.03883680  58.79830956  59.54596539  60.27796091  60.99050773  61.67988707  62.34246412  62.97470229  63.57317710  64.13458981  64.65578066  65.13374160  65.56562863  65.94877349  66.28069483  66.55910866  66.78193811  66.94732243  67.05362520  67.09944160  67.08360492  67.00519193  66.86352747  66.65818784  66.38900323  66.05605902  65.65969598  65.20050936  64.67934675  64.09730489  63.45572527  62.75618861  62.00050819  61.19072212  60.32908456  59.41805593  58.46029218  57.45863325  56.41609073  55.33583484  54.22118089  53.07557526  51.90258107  50.70586354  49.48917533  48.25634167  47.01124567  45.75781354  44.50000000  
56.75000095  57.54919126  58.34429445  59.13132731  59.90633275  60.66539492  61.40465412  62.12032176  62.80869504  63.46617152  64.08926326  64.67461081  65.21899663  65.71935818  66.17280046  66.57660792  66.92825591  67.22542125  67.46599225  67.64807783  67.77001588  67.83038068  67.82798945  67.76190789  67.63145472  67.43620515  67.17599332  66.85091352  66.46132037  66.00782780  65.49130676  64.91288193  64.27392703  63.57605913  62.82113167  62.01122644  61.14864445  60.23589570  59.27568816  58.27091569  57.22464531  56.14010377  55.02066354  53.86982848  52.69121906  51.48855759  50.26565324  49.02638714  47.77469764  46.51456562  45.25000000  
57.00000095  57.82520811  58.64627065  59.45913776  60.25978530  61.04423111  61.80855035  62.54889067  63.26148724  63.94267754  64.58891587  65.19678749  65.76302241  66.28450865  66.75830504  67.18165338  67.55198999  67.86695660  68.12441046  68.32243362  68.45934145  68.53369015  68.54428339  68.49017796  68.37068830  68.18539005  67.93412242  67.61698945  67.23436008  66.78686701  66.27540438  65.70112419  65.06543152  64.36997851  63.61665715  62.80759089  61.94512519  61.03181685  60.07042255  59.06388635  58.01532643  56.92802123  55.80539494  54.65100279  53.46851590  52.26170620  51.03443130  49.79061956  48.53425531  47.26936441  46.00000000  
57.25000096  58.09950882  58.94482009  59.78182254  60.60643108  61.41460341  62.20235555  62.96577735  63.70104776  64.40444990  65.07238581  65.70139089  66.28814784  66.82950024  67.32246547  67.76424717  68.15224693  68.48407533  68.75756225  68.97076629  69.12198337  69.20975441  69.23287201  69.19038618  69.08160892  68.90611778  68.66375823  68.35464489  67.97916156  67.53795993  67.03195721  66.46233233  65.83052097  65.13820928  64.38732642  63.58003580  62.71872520  61.80599576  60.84464998  59.83767869  58.78824734  57.69968152  56.57545204  55.41915958  54.23451932  53.02534542  51.79553577  50.54905703  49.28992999  48.02221536  46.75000000  
57.50000097  58.37212546  59.24000666  60.09947699  60.94639645  61.77666853  62.58625603  63.37119680  64.12761929  64.85175781  65.53996759  66.18873937  66.79471364  67.35469436  67.86566214  68.32478682  68.72943939  69.07720320  69.36588434  69.59352126  69.75839349  69.85902936  69.89421284  69.86298924  69.76466994  69.59883587  69.36533997  69.06430832  68.69614014  68.26150645  67.76134751  67.19686892  66.56953641  65.88106934  65.13343292  64.32882908  63.46968623  62.55864776  61.59855946  60.59245603  59.54354671  58.45520017  57.33092900  56.17437385  54.98928749  53.77951900  52.54899834  51.30172131  50.04173519  48.77312493  47.50000000  
57.75000098  58.64309421  59.53190253  60.41220888  61.27982423  62.13060368  62.96046257  63.76539242  64.54147669  65.28490635  65.99199506  66.65919403  67.28310646  67.86050140  68.38832719  68.86372417  69.28403674  69.64682477  69.94987407  70.19120617  70.36908712  70.48203532  70.52882843  70.50850916  70.42038999  70.26405673  70.03937096  69.74647112  69.38577252  68.95796587  68.46401461  67.90515089  67.28287017  66.59892443  65.85531412  65.05427866  64.19828576  63.29001942  62.33236677  61.32840399  60.28138114  59.19470646  58.07193005  56.91672737  55.73288267  54.52427278  53.29485138  52.04863403  50.78968405  49.52209934  48.25000000  
58.00000098  58.91245495  59.82058722  60.72013701  61.60687193  62.47660437  63.32520779  64.14863284  64.94292345  65.70423246  66.42883709  67.11315399  67.75375380  68.34737528  68.89093885  69.38155944  69.81655881  70.19347693  70.51008276  70.76438398  70.95463599  71.07934984  71.13729912  71.12752593  71.04934557  70.90235016  70.68641108  70.40168009  70.04858922  69.62784935  69.14044735  68.58764197  67.97095824  67.29218048  66.55334389  65.75672472  64.90482914  64.00038067  63.04630643  62.04572229  61.00191695  59.91833536  58.79856150  57.64630105  56.46536407  55.25964815  54.03312237  52.78981230  51.53378626  50.26914290  49.00000000  
58.25000099  59.18025076  60.10614669  61.02338979  61.92770987  62.81488206  63.68074332  64.52120882  65.33228809  66.11010099  66.85089322  67.55105165  68.20711900  68.81580811  69.37401567  69.87883525  70.32756962  70.71774244  71.04710897  71.31366609  71.51566124  71.65160054  71.72025572  71.72067014  71.65216356  71.51433583  71.30706927  71.03052984  70.68516705  70.27171240  69.79117659  69.24484515  68.63427277  67.96127604  67.22792479  66.43653191  65.58964168  64.69001668  63.74062337  62.74461634  61.70532158  60.62621876  59.51092301  58.36316640  57.18677970  55.98567464  54.76382740  53.52526347  52.27404437  51.01425621  49.75000000  
58.50000100  59.44652748  60.38867240  61.32210392  62.24251936  63.14566188  64.02733718  64.88343003  65.70992064  66.50290073  67.25858931  67.97334803  68.64369610  69.26632473  69.83811089  70.35613056  70.81767118  71.22024337  71.56159186  71.83970549  72.05282637  72.19945798  72.27837226  72.28861565  72.22951394  72.10067598  71.90199613  71.63365549  71.29612171  70.89014754  70.41676786  69.87729534  69.27331460  68.60667477  67.87948053  67.09408162  66.25306070  65.35921965  64.41556441  63.42528833  62.39175433  61.31847598  60.20909789  59.06737580  57.89715694  56.70236114  55.48696348  54.25497892  53.01044943  51.75743381  50.50000000  
58.75000101  59.71133325  60.66826041  61.61642297  62.55149089  63.46918041  64.36527101  65.23562199  66.07618905  66.88304051  67.65237321  68.38052802  69.06400489  69.69947740  70.28380672  70.81405485  71.28749729  71.70163483  72.05420455  72.34319000  72.56683036  72.72362866  72.81235899  72.83207253  72.78210256  72.66206816  72.47187679  72.21172549  71.88210077  71.48377717  71.01781426  70.48555231  69.88860629  69.22885835  68.50844865  67.72976448  66.89542773  66.00828061  65.07136964  64.08792803  63.06135662  61.99520342  60.89314238  59.75895158  58.59649170  57.40968553  56.20249922  54.97892637  53.74297549  52.49866136  51.25000000  
59.00000101  59.97471804  60.94501047  61.90649607  62.85482230  63.78568344  64.69483746  65.57812297  66.43147578  67.25094530  68.03271055  68.77309584  69.46858593  70.11584062  70.71170890  71.25324228  71.73770754  72.16259863  72.52564777  72.82483572  73.05840100  73.22484824  73.32295543  73.35178008  73.31066425  73.19923841  73.01742401  72.76543481  72.44377683  72.05324692  71.59492988  71.07019407  70.48068541  69.82831979  69.11527374  68.34397331  67.51708113  66.63748155  65.70826383  64.73270348  63.71424176  62.65646349  61.56307368  60.43787338  59.28473559  58.10758223  56.91036342  55.69704030  54.47157266  53.23791199  52.00000000  
59.25000102  60.23673324  61.21902517  62.19247656  63.15271713  64.09542378  65.01633763  65.91128107  66.77617442  67.60705248  68.40008064  69.15157064  69.85799585  70.51600598  71.12244131  71.67434612  72.16898149  72.60383736  72.97664367  73.28538071  73.52828847  73.70387502  73.81092389  73.84850030  73.81595630  73.71293470  73.53937175  73.29549859  72.98184128  72.59921948  72.14874368  71.63181085  71.05009855  70.40555729  69.70040118  68.93709662  68.11834911  67.24708782  66.32644808  65.35975159  64.35048436  63.30227257  62.21885658  61.10406370  59.96178063  58.79592687  57.61043068  56.40920972  55.19615813  53.97514150  52.75000000  
59.50000103  60.49743122  61.49040907  62.47452080  63.44538287  64.39865924  65.33007857  66.23545129  67.11068645  67.95180831  68.75497255  69.51648216  70.23280274  70.90057739  71.51664091  72.07803339  72.58201311  73.02606858  73.40792986  73.72557894  73.97725917  74.16148376  74.27704322  74.32301172  74.29875227  74.20392085  74.03846917  73.80264623  73.49699855  73.12236897  72.67989402  72.17099979  71.59739610  70.96106908  70.26427180  69.50951300  68.69954368  67.83734139  66.92609202  65.96916897  64.97010950  63.93258835  62.86038870  61.75737104  60.62744094  59.47451725  58.30250300  57.11526201  55.91660412  54.71028195  53.50000000  
59.75000104  60.75686495  61.75926791  62.75278692  63.73302941  64.69565064  65.63637093  66.55099285  67.43541815  68.28566439  69.09788131  69.86836669  70.59358181  71.27016637  71.89495277  72.46497978  72.97750547  73.43001939  73.82025388  74.14619460  74.40608999  74.59845989  74.72210304  74.77610355  74.75983628  74.67297095  74.51547517  74.28761614  73.98996104  73.62337606  73.18902400  72.68836037  72.12312786  71.49534910  70.80731760  70.06158659  69.26095570  68.40845511  67.50732692  66.56100343  65.57308202  64.54729639  63.48748403  62.39755039  61.28143039  60.14304928  58.98628573  57.81494126  56.63272129  55.44323258  54.25000000  
60.00000104  61.01508761  62.02570788  63.02743369  64.01586753  64.98665990  65.93552674  66.85826661  67.75077769  68.60907454  69.42930440  70.20776325  70.94091126  71.62538776  72.25802558  72.83586483  73.35616580  73.81642130  74.21436795  74.54799682  74.81556297  75.01559413  75.14689834  75.20857050  75.19999784  75.12086427  74.97115353  74.75115106  74.46144468  74.10292386  73.67677761  73.18449096  72.62783977  72.00888394  71.32995872  70.59366403  69.80285145  68.96060856  68.07024028  67.13524667  66.15929657  65.14619665  64.09985521  63.02424068  61.92333539  60.80108614  59.66135532  58.50787828  57.34423526  56.17384685  55.00000000  
60.25000105  61.27215222  62.28983486  63.29861950  64.29410745  65.27194830  66.22785729  67.15763260  68.05717241  68.92249164  69.74973840  70.53521000  71.27536847  71.96685560  72.60650732  73.19136748  73.71870087  74.18600551  74.59102412  74.93175472  75.20646031  75.41367758  75.55222468  75.62120788  75.62002720  75.54838085  75.40626865  75.19399410  74.91216530  74.56169460  74.14379685  73.65998628  73.11207187  72.50215113  71.83260206  71.10607316  70.32547114  69.49394594  68.61487255  67.69182893  66.72856914  65.72899065  64.69709476  63.63693908  62.55258176  61.44801846  60.32711569  59.19354806  58.05075207  56.90191294  55.75000000  
60.50000106  61.52811134  62.55175380  63.56650130  64.56795760  65.55177490  66.51367124  67.44944787  68.35500626  69.22636495  70.05967596  70.85124088  71.59752642  72.29517942  72.94104135  73.53216202  74.06581273  74.53949856  74.95096988  75.29823300  75.57955995  75.79349724  75.93887374  76.01480745  76.02071125  75.95629757  75.82158196  75.61688544  75.34283572  75.00036721  74.59071976  74.11543601  73.57635746  72.97561897  72.31564163  71.59912379  70.82902992  70.00857688  69.14121697  68.23061692  67.28063154  66.29527060  65.27865681  64.23497278  63.16839481  62.08301268  60.98273779  59.87120778  58.75170580  57.62712325  56.50000000  
60.75000107  61.78301673  62.81156810  63.83123377  64.83762334  65.82639496  66.79327281  67.73406436  68.64467752  69.52113743  70.35960294  71.15638263  71.90795047  72.61096079  73.26226277  73.85891428  74.39819491  74.87761840  75.29494415  75.64818789  75.93563155  76.15583211  76.30762952  76.39015361  76.40282999  76.34538489  76.21784893  76.02055976  75.75416361  75.41961571  75.01817948  74.55142458  74.02122369  73.42974793  72.77946086  72.07311088  71.31372172  70.50458060  69.64922346  68.75141623  67.81513071  66.84451301  65.84384142  64.81747001  63.76975289  62.70494477  61.62707549  60.53980432  59.44627579  58.34902440  57.25000000  
61.00000107  62.03691914  63.06937907  64.09296845  65.10330590  66.09605868  67.06696016  68.01182708  68.92657668  69.80724352  70.64999593  71.45115205  72.20719548  72.91479024  73.57079529  74.17227834  74.71652894  75.20107087  75.62367372  75.98236358  76.27543296  76.50144969  76.65926495  76.74802027  76.76715356  76.71640415  76.59581673  76.40574432  76.14685013  75.82010842  75.42680420  74.96853199  74.44719342  73.86499369  73.22443694  72.52832030  71.77972644  70.98201437  70.13880780  69.25398029  68.33163547  67.37608007  66.39178578  65.38333425  64.35533667  63.31231717  62.25854830  61.19783313  60.13325063  59.06693052  58.00000000  
61.25000108  62.28986797  63.32528544  64.35185304  65.36520142  66.36100994  67.33502400  68.28307245  69.20108459  70.08510699  70.93131996  71.73605355  72.49580317  73.20724456  73.86724830  74.47289359  75.02148135  75.51054663  75.93787017  76.30148916  76.59970715  76.83110301  76.99453906  77.08916814  77.11443978  77.07010539  76.95622243  76.77315762  76.52158915  76.20250795  75.81721798  75.36733565  74.85478826  74.28181170  73.65094719  72.96503723  72.22722068  71.44092666  70.60986718  69.73802761  68.82965385  67.88923379  66.92146909  65.93123005  64.92348156  63.90316103  62.87498034  61.84311940  60.81079471  59.77976223  58.75000000  
61.50000109  62.54191116  63.57938291  64.60803073  65.62350012  66.62148524  67.59774631  68.54812687  69.46857081  70.35513918  71.20402655  72.01157705  72.77429989  73.48888441  74.15221443  74.76138212  75.31370103  75.80671850  76.23822721  76.60627597  76.90917963  77.14552812  77.31419458  77.41434254  77.44543220  77.40722577  77.29979180  77.12350866  76.87906707  76.56747175  76.19004225  75.74841300  75.24453269  74.68066303  74.05937702  73.38355687  72.65639171  71.88137513  71.06230268  70.20326904  69.30866446  68.38316891  67.43174090  66.45959435  65.47215015  64.47493658  63.47339045  62.47247847  61.47603010  60.48572300  59.50000000  
61.75000110  62.79309492  63.83176382  64.86163968  65.87838549  66.87771283  67.85539925  68.80730544  69.72939226  70.61773746  71.46855202  72.27819614  73.04319471  73.76025227  74.42626744  75.03834661  75.59381704  76.09023922  76.52541839  76.89741534  77.20455631  77.44544207  77.61895606  77.72427168  77.76085862  77.72848829  77.62723840  77.45749655  77.21996309  76.91565311  76.54589773  76.11234473  75.61695876  75.06202107  74.45012925  73.78419698  73.06745434  72.30344895  71.49604857  70.64944561  69.76816431  68.85707074  67.92138540  66.96669541  65.99895776  65.02447026  64.04975260  63.08120435  62.12426112  61.18158349  60.25000000  
62.00000110  63.04346361  64.08251680  65.11281252  66.13003376  67.12991193  68.10824427  69.06091094  69.98389197  70.87328389  71.72531609  72.53636664  73.30297778  74.02187083  74.68996047  75.30436849  75.86243677  76.36173964  76.80009536  77.17557688  77.48652175  77.73154121  77.90952833  78.01966531  78.06142993  78.03460103  77.93926319  77.77581055  77.54494980  77.24770249  76.88540671  76.45971816  75.97261101  75.42637850  74.82363378  74.16731129  73.46066924  72.70729389  71.91110672  71.07637574  70.20773311  69.31020154  68.38923347  67.45076741  66.50130625  65.54801635  64.59882190  63.66237837  62.74751735  61.86091811  61.00000000  
62.25000111  63.29305963  64.33172653  65.36167602  66.37861334  67.37829209  68.35653139  69.30923300  70.23239819  71.12214423  71.97472071  72.78652529  73.55411911  74.27424158  74.94382468  75.56000655  76.12014452  76.62182726  77.06288638  77.44140704  77.75573789  78.00450007  78.18659542  78.30121379  78.34783942  78.32625660  78.23655433  78.07913025  77.85469384  77.56426885  77.20919522  76.79113054  76.31205128  75.77425398  75.18035689  74.53330239  73.83636099  73.09313778  72.30758281  71.48400733  70.62710912  69.74201173  68.83432555  67.91024392  66.97669741  66.04160708  65.11430793  64.20624602  63.33195654  62.50922388  61.75000000  
62.50000112  63.54192330  64.57947357  65.60835073  66.62428449  67.62305273  68.60049859  69.55254743  70.47522365  71.36466710  72.21714926  73.02908893  73.79706754  74.51784385  75.18836818  75.80579591  76.36750041  76.87108519  77.31439534  77.69552817  78.01284305  78.26497039  78.45081981  78.56958744  78.62076230  78.60413194  78.51978715  78.36812593  78.14985671  77.86600091  77.51789495  77.10719185  76.63586261  76.10619772  75.52080905  74.88263270  74.19493361  73.46131283  72.68571909  71.87246691  71.02626488  70.15225981  69.25610655  68.34408094  67.42326920  66.50190430  65.59001511  64.70083990  63.85443688  63.08875648  62.50000000  
62.75000113  63.79009278  64.82583419  65.85295084  66.86719899  67.86438284  68.84037147  69.79111577  70.71266506  71.60118346  72.45296591  73.26445379  74.03225010  74.75313409  75.42407534  76.04224723  76.60503971  77.11007143  77.55520105  77.93853783  78.25845139  78.51358066  78.70284195  78.82543622  78.88085545  78.86888820  78.78962431  78.64345886  78.43109533  78.15354816  77.81214471  77.40852682  76.94465211  76.42279538  75.84555029  75.21583200  74.53688130  73.81227126  73.04591771  72.24209575  71.40546518  70.54110997  69.65459944  68.75208459  67.84045250  66.92757979  66.02275614  65.13738159  64.28594475  63.48618302  62.75000113  
63.00000113  64.03760406  65.07088030  66.09558403  67.10750002  68.10246069  69.07636296  70.02518501  70.94500278  71.83200624  72.68251526  73.49299514  74.26007164  74.98054550  75.65140641  76.26984640  76.83327245  77.33931856  77.78585693  78.17100852  78.49315265  78.75093591  78.94328014  79.06938965  79.12875747  79.12117087  79.04671599  78.90578167  78.69906255  78.42756146  78.09259123  77.69577603  77.23905232  76.72466981  76.15519255  75.53350058  74.86279276  74.14659140  73.38874974  72.59346366  71.76528958  70.90917132  70.03047950  69.13506827  68.22935393  67.32041432  66.41608342  65.52492514  64.65567833  63.81492865  63.00000113  
63.25000114  64.28449090  65.31467941  66.33635139  67.34532204  68.33745383  69.30867326  70.25498751  71.17250073  72.05743025  72.90612226  73.71506719  74.48091468  75.20048789  75.87079740  76.48905441  77.05268333  77.55933363  78.00689099  78.39348770  78.71751217  78.97761776  79.17273065  79.30205693  79.36508880  79.36160996  79.29170007  79.15573853  78.95440731  78.68869319  78.35988926  77.96959583  77.51972096  77.01248059  76.45039869  75.83630751  75.17334833  74.46497311  73.71494767  72.92735669  72.10661139  71.25746013  70.38500144  69.49469677  68.59237413  67.68419953  66.77655846  65.87571425  64.98696457  64.11283078  63.25000114  
63.50000115  64.53078488  65.55729462  66.57534749  67.58079088  68.56951907  69.53748986  70.48074101  71.39540644  72.27773225  73.12409223  73.93100317  74.69513956  75.41334787  76.08266023  76.70030756  77.26373196  77.77059847  78.21880610  78.60649805  78.93207122  79.19418478  79.39176803  79.52402732  79.59045212  79.59082029  79.52520241  79.39396529  79.19777466  78.93759706  78.61470100  78.23065735  77.78733924  77.28692126  76.73187839  76.12498448  75.46931068  74.76822361  74.02538360  73.24474255  72.43054112  71.58730353  70.71982712  69.83315976  68.93255213  68.02335866  67.11083920  66.19978094  65.29383169  64.39448570  63.50000115  
63.75000115  64.77651541  65.79878472  66.81266042  67.81402380  68.79880266  69.76298771  70.70264887  71.61395130  72.49317121  73.33671127  74.14111569  74.90308482  75.61948923  76.28738326  76.90401796  77.46685339  77.97357020  78.42208054  78.81053812  79.13734761  79.40117310  79.60094575  79.73587067  79.80543278  79.80940195  79.74783711  79.62108960  79.42980555  79.17492748  78.85769497  78.47964458  78.04260894  77.54871498  77.00038158  76.40031618  75.75151076  75.05723663  74.32103790  73.54672292  72.73835227  71.90022115  71.03683198  70.15285006  69.25303028  68.34209575  67.42454046  66.50432330  65.58443730  64.66641291  63.75000115  
64.00000116  65.02170975  66.03920427  67.04837195  68.04512972  69.02544051  69.98532955  70.92090042  71.82835095  72.70398877  73.54424663  74.34569726  75.10506776  75.81925358  76.48533186  77.10057420  77.66245882  78.16868201  78.61716883  79.00608307  79.33383650  79.59909717  79.80079693  79.93813817  80.01059950  80.01794074  79.96020683  79.83773092  79.65113653  79.40133876  79.08954454  78.71725195  78.28624861  77.79860893  77.25669042  76.66312869  76.02083104  75.33296837  74.60296459  73.83448286  73.03140693  72.19781519  71.33794354  70.45613134  69.55674190  68.64404665  67.72206142  66.79432918  65.86366600  64.93193653  64.00000116  
64.25000117  65.26639312  66.27860372  67.28255776  68.27420946  69.24955853  70.20466627  71.13567141  72.03880580  72.91040983  73.74694749  74.54502103  75.30138525  76.01296119  76.67684936  77.29034230  77.85093662  78.35634418  78.80450276  79.19358580  79.52201147  79.78845087  79.99183540  80.13136328  80.20650518  80.21700891  80.16290323  80.04450068  79.86239945  79.61748427  79.31092623  78.94418162  78.51898951  78.03736828  77.50161066  76.91427731  76.27818855  75.59641384  74.87225824  74.10924505  73.31109293  72.48168556  71.62503071  70.74520489  69.84627870  68.93221823  68.00676045  67.07326820  66.13458672  65.19294891  64.25000117  
64.50000118  65.51058879  66.51702958  67.51528765  68.50135612  69.47127310  70.42113747  71.34712459  72.24550174  73.11264331  73.94504568  74.73934169  75.49231467  76.20091201  76.86225812  77.47366689  78.03265345  78.53694528  78.98449264  79.37347816  79.70232577  79.96970872  80.17455684  80.31606286  80.39368788  80.40716594  80.35650759  80.24200254  80.06422127  79.82401560  79.52251819  79.16114084  78.74157160  78.26577043  77.73596342  77.15463521  76.52451931  75.84858584  75.13002619  74.37223342  73.57877747  72.75337343  71.89984084  71.02205190  70.12386637  69.20905241  68.28119551  67.34360395  66.39922867  65.45062657  64.50000118  
64.75000118  65.75431812  66.75452467  67.74662587  68.72665544  69.69069147  70.63487198  71.55541042  72.44861085  73.31088297  74.13875669  74.92889645  75.67811502  76.38338683  77.04186077  77.65087244  78.20795570  78.71085364  79.15752875  79.54617246  79.87521381  80.14332736  80.34944026  80.49273847  80.57267207  80.58895960  80.54159157  80.43083285  80.25722410  80.02158209  79.72499888  79.36883979  78.95474003  78.48459985  77.96057807  77.38508373  76.76076546  76.09049832  75.37736737  74.62464728  73.83577723  73.01432980  72.16397287  71.28842349  70.39139334  69.47652677  68.54733502  67.60713424  66.65899990  65.70575406  64.75000118  
65.00000119  65.99760074  66.99112826  67.97663145  68.95018628  69.90791242  70.84598860  71.76066782  72.64829235  73.50530844  74.32828073  75.11390628  75.85902818  76.56064865  77.21594163  77.82226481  78.37717099  78.87841885  79.32398295  79.71206309  80.04109280  80.30974712  80.51694952  80.66187794  80.74397000  80.76292720  80.71871826  80.61158140  80.44202558  80.21083064  79.91904630  79.56798986  79.15924252  78.69464422  78.17628675  77.60650498  76.98786578  76.32315450  75.61535822  74.86764563  74.08334258  73.26590288  72.41887385  71.54585634  70.65045969  69.73625354  68.80671978  67.86521067  66.91492126  65.95888526  65.00000119  
65.25000120  66.24045463  67.22687640  68.20535858  69.17202108  70.12302679  71.05459675  71.96302503  72.84469348  73.69608624  74.51380385  75.29457707  76.03528022  76.73294408  77.38476821  77.98813280  78.54060981  79.03997353  79.48421044  79.87152828  80.20036452  80.46939388  80.67753513  80.82395703  80.90808336  80.92959708  80.88844350  80.78483249  80.61923958  80.39240607  80.10533782  79.75930290  79.35582774  78.89669182  78.38392069  77.81977703  77.20674959  76.54753969  75.84504493  75.10233971  74.32265235  73.50933827  72.66584940  71.79569993  70.90242921  69.98956377  69.06058127  68.11888054  67.16776301  66.21043033  65.25000120  
65.50000121  66.48289627  67.46180213  68.43285698  69.39222640  70.33611821  71.26079734  72.16260049  73.03795056  73.88337092  74.69549924  75.47110108  76.20708293  76.90050491  77.54859283  78.14874983  78.69856728  79.19583514  79.63855160  80.02493207  80.35341732  80.62268100  80.83163622  80.97944138  81.06550512  81.08949038  81.05131749  80.95116634  80.78947746  80.56695201  80.28455068  79.94349125  79.54524481  79.09153047  78.58430851  78.02577158  77.41833394  76.76461842  76.06744093  75.32979212  74.55481628  73.74578716  72.90608100  72.03914719  71.14847745  70.23757513  69.30992702  68.36898032  67.41812813  66.46070609  65.50000121  
65.75000121  66.72494080  67.69593579  68.65917235  69.61086348  70.54726370  71.46468350  72.35950380  73.22819005  74.06730625  74.87352850  75.64365826  76.37463523  77.06354967  77.70765434  78.30437577  78.85132504  79.34630786  79.78733404  80.17262626  80.50062811  80.77001137  80.97968254  81.12878853  81.21672153  81.24312298  81.20788670  81.11116096  80.95334967  80.73511238  80.45736325  80.12126874  79.72824404  79.27994798  78.77827644  78.22535401  77.62352378  76.97533503  76.28352873  75.55102070  74.78088235  73.97631903  73.14064629  72.27726462  71.38963330  70.48124495  69.55560221  68.61619859  67.66650551  66.70996681  65.75000121  
66.00000122  66.96660211  67.92930530  68.88434676  69.82798883  70.75653446  71.66634148  72.55383668  73.41552964  74.24802645  75.04804295  75.81241775  76.53812475  77.22228531  77.86217980  78.45525870  78.99915310  79.49168459  79.93087452  80.31495253  80.64236449  80.91177959  81.12209674  81.27245022  81.36221440  81.39100779  81.35869607  81.26539425  81.11146792  80.89753343  80.62445698  80.29335259  79.90557879  79.46273395  78.96665017  78.41938552  77.82321459  77.18061715  76.49426482  75.76700577  75.00184733  74.20193667  73.37053991  72.51101999  71.62681414  70.72141190  69.79833492  68.86111978  67.91330520  66.95842415  66.00000122  
66.25000123  67.20789305  68.16193643  69.10841914  70.04365474  70.96399653  71.86585147  72.74569396  73.60007937  74.42565739  75.21918502  75.97753928  76.69772944  77.37690884  78.01238628  78.60163675  79.14231176  79.63224893  80.06948108  80.45224455  80.77898697  81.04837419  81.25929659  81.41087460  81.50246345  81.53365712  81.50429148  81.41444651  81.26444768  81.05486635  80.78651912  80.46046616  80.07800829  79.64068286  79.15025829  78.60872703  78.01829703  77.38138154  76.70058707  75.97869961  75.21866909  74.42359221  73.59669383  72.74130748  71.86085538  70.95882889  70.03877010  69.10425558  68.15888293  67.20626063  66.25000123  
66.50000124  67.44882553  68.39385314  69.33142567  70.25790994  71.16971154  72.06328849  72.93516460  73.78194274  74.60031784  75.38708957  76.13917469  76.85361902  77.52760897  78.15848255  78.74373995  79.28105351  79.76827712  80.20345504  80.58483008  80.91085111  81.18017990  81.39169731  81.54450872  81.63794876  81.67158524  81.64522240  81.55890324  81.41291110  81.20777032  80.94424595  80.62334248  80.24630154  79.81459836  79.32993708  78.79424464  78.20966330  77.57854161  76.90342378  76.18703752  75.43228014  74.64220335  73.81999670  72.96897003  72.09253551  71.19418961  70.27749577  69.34606826  68.40355782  67.45363929  66.50000124  
66.75000124  67.68941070  68.62507783  69.55340026  70.47080014  71.37373744  72.25872320  73.12233258  73.96121779  74.77212069  75.55188520  76.29746929  77.00595660  77.67456771  78.30067080  78.88179196  79.41562488  79.90003998  80.33309302  80.71303302  81.03830964  81.30757982  81.51971390  81.67380090  81.76915332  81.80531105  81.78204470  81.69935814  81.55749026  81.35691602  81.09834655  80.78272841  80.41124192  79.98529839  79.50653633  78.97681635  78.39821485  77.77301631  77.10370413  76.39294996  75.64360165  74.85866964  74.04131224  73.19481973  72.32259781  71.42815065  70.51506400  69.58698885  68.64762583  67.70071077  66.75000124  
67.00000125  67.92965905  68.85563166  69.77437494  70.68236859  71.57612913  72.45222273  73.30727792  74.13799817  74.94117409  75.71369555  76.45256324  77.15490007  77.81796194  78.43914825  79.01601179  79.54626819  80.02780475  80.45868880  80.83717542  81.16171457  81.43095764  81.64376336  81.79920310  81.89656555  81.93536078  81.91532357  81.83641622  81.69883058  81.50298943  81.24954710  80.93938937  80.57363247  80.15362120  79.68092614  79.15733973  78.58487119  77.96574026  77.30236955  76.59737553  75.85355807  75.07388861  74.26149689  73.41965655  72.55176964  71.66135038  70.75200840  69.82743185  68.89137047  67.94761907  67.00000125  
67.25000126  68.16958061  69.08553480  69.99438027  70.89265662  71.77693919  72.64385148  73.49007755  74.31237414  75.10758259  75.87264046  76.60459288  77.30060346  77.95796481  78.57410864  79.14661536  79.67322319  80.15183676  80.58053512  80.95757927  81.28141906  81.55069956  81.76426682  81.92117315  82.02068170  82.06227057  82.04563635  81.97069702  81.83759437  81.64669576  81.39859532  81.09411445  80.73430173  80.32043196  79.85400449  79.33674055  78.77057960  78.15767463  77.50038607  76.80127455  76.06309211  75.28877201  74.48141698  73.64428609  72.78078015  71.89442595  70.98885942  70.06780789  69.13507185  68.19450619  67.25000126  
67.50000127  68.40918502  69.31480668  70.21344574  71.10170416  71.97621846  72.83367185  73.67080615  74.48443354  75.27144812  76.02883712  76.75369186  77.44321828  78.09474712  78.70574366  79.27381693  79.79672856  80.27240099  80.69892526  81.07456820  81.39777916  81.66719615  81.88165149  82.04017688  82.14200810  82.18658904  82.17357538  82.10283775  81.97446445  81.78876364  81.54626516  81.24772178  80.89410995  80.48662994  80.02670539  79.51598204  78.95632567  78.34981897  77.69875736  77.00564347  76.27318021  75.50426225  74.70196585  73.86953692  73.01037728  72.12802922  71.22615838  70.30853515  69.37901477  68.44151637  67.50000127  
67.75000127  68.64848170  69.54346626  70.43160014  71.30955018  72.17401665  73.02174490  73.84953691  74.65426260  75.43287100  76.18240108  76.89999224  77.58289455  78.22847843  78.83424409  79.39783037  79.91702316  80.38976338  80.81415436  81.18846881  81.51115525  81.78084392  81.99635226  82.15668990  82.26106321  82.30887946  82.29975050  82.23349621  82.11014750  81.92994902  81.69336157  81.40106410  81.05395552  80.65315591  80.20000748  79.69607480  79.14314444  78.54322377  77.89853864  77.21152997  76.48484875  75.72134942  74.92408131  74.09627803  73.24134460  72.36284228  71.46447112  70.55005028  69.62349637  68.68880004  67.75000127  
68.00000128  68.88747992  69.77153225  70.64887184  71.51623316  72.37038284  73.20813100  74.02634226  74.82194674  75.59195073  76.33344711  77.04362546  77.71978184  78.35932810  78.95980091  79.51887016  80.03434711  80.50419188  80.92652057  81.29961188  81.62191324  81.89204648  82.10881308  82.27119903  82.37837923  82.42972170  82.42479132  82.36335347  82.24537733  82.07103910  81.84072501  81.55503421  81.21478150  80.82099993  80.37494309  79.87808714  79.33213229  78.73900369  78.10085136  77.42004899  76.69919125  75.94108925  75.14876394  74.32543694  73.47451863  72.59959342  71.70440179  70.79281950  69.86883389  68.93651778  68.00000128  
68.25000129  69.12618893  69.99902326  70.86528914  71.72179143  72.56536597  73.39289032  74.20129446  74.98757125  75.74878670  76.48208998  77.18472306  77.85403004  78.48746610  79.08260602  79.63715225  80.14894256  80.61595724  81.03632575  81.40833304  81.73042531  82.00121542  82.21948785  82.38420335  82.49450329  82.54971367  82.54934902  82.49311611  82.38091761  82.21285572  81.98923583  81.71057026  81.37758208  80.99120902  80.55260737  80.06315587  79.52445930  78.93835173  78.30689894  77.63239990  76.91738663  76.16462230  75.37709673  74.55801915  73.71080749  72.83907411  71.94660753  71.03735024  70.11537281  69.18484450  68.25000129  
68.50000130  69.36461802  70.22595804  71.08088045  71.92626353  72.75901520  73.57608336  74.37446611  75.15122181  75.90347881  76.62844507  77.32341733  77.98578998  78.61306357  79.20285287  79.75289451  80.26105419  80.72533345  81.14387592  81.51497320  81.83707028  82.10877062  82.32884075  82.49621470  82.60999811  82.66947217  82.67409746  82.62351779  82.51756406  82.35625830  82.13981801  81.86866067  81.54340871  81.16489483  80.73416758  80.25249733  79.72138221  79.14255399  78.51798347  77.84988493  77.14071926  76.39319496  75.61026654  74.79512949  73.95121128  73.08215778  72.19181473  71.28420418  70.36349584  69.43397412  68.50000130  
68.75000130  69.60277662  70.45235557  71.29567460  72.12968847  72.95138027  73.75777124  74.54593057  75.31298494  76.05612787  76.77262878  77.45984173  78.11521382  78.73629320  79.32073672  79.86631703  80.37092936  80.83259783  81.24948121  81.61987841  81.94223345  82.21514009  82.43734612  82.60775744  82.72544189  82.78963299  82.79973368  82.75532014  82.65614586  82.50214602  82.29344232  82.03034838  81.71337581  81.34324092  80.92087225  80.44741863  79.92425784  79.35300547  78.73552367  78.07392929  77.37060073  76.62818270  75.84958813  75.03799615  74.19684527  73.32982108  72.44083755  71.53401198  70.61363334  69.68412482  68.75000130  
69.00000131  69.84067435  70.67823520  71.50970089  72.33210593  73.14251173  73.93801603  74.71576221  75.47294831  76.20683594  76.91475883  77.59413112  78.24245520  78.85732934  79.43645468  79.97764200  80.47881791  80.93803066  81.35345545  81.72339937  82.04630591  82.32075914  82.54548754  82.71936764  82.84142753  82.91085025  82.92697735  82.88931261  82.79752613  82.65145899  82.45112847  82.19673428  81.88866564  81.52750952  81.11406000  80.64932881  80.13455684  79.57122646  78.96107417  78.30610304  77.60859419  76.87111620  76.09653148  75.28799821  74.44896670  73.58316879  72.69459959  71.78749076  70.86627546  69.93554540  69.00000131  
69.25000132  70.07832105  70.90361670  71.72298931  72.53355642  73.33246112  74.11688094  74.88403666  75.63120088  76.35570642  77.05495435  77.72642178  78.36766928  78.97634781  79.55020542  80.08709332  80.58497161  81.04191451  81.45611522  81.82589021  82.14968323  82.42606895  82.65375624  82.83159133  82.95856080  83.03379461  83.05656924  83.02631123  82.94260111  82.80517817  82.61394603  82.36897939  82.07053222  81.71904733  81.31516776  80.85974980  80.35387772  79.79887992  79.19634615  78.54814510  77.85644141  77.12371100  76.35275317  75.54669787  74.70900632  73.84346334  72.95415993  72.04546516  71.12198699  70.18852287  69.25000132  
69.50000133  70.31572682  71.12852039  71.93557055  72.73408138  73.52128107  74.29443037  75.05083084  75.78783299  76.50284409  77.19333578  77.85685130  78.49101234  79.09352558  79.66218866  80.19489586  80.68964317  81.14453303  81.55777846  81.92770691  82.25276355  82.53151433  82.76264863  82.94498181  83.07745757  83.15915043  83.18926840  83.16715598  83.09229795  82.96432384  82.78301377  82.54830552  82.26030359  81.91929006  81.52573793  81.08032672  80.58396070  80.03778928  79.44322951  78.80198967  78.11609325  77.38790150  76.62013309  75.81587840  74.97860625  74.11216058  73.22074492  72.30889310  71.38142558  70.44339194  69.50000133  
69.75000133  70.55290202  71.35296708  72.14747607  72.93372319  73.70902532  74.47072995  75.21622296  75.94293622  76.64835494  77.33002469  77.98555814  78.61264141  79.20904000  79.77260423  80.30127435  80.79308499  81.24616932  81.65876252  82.02920499  82.35594495  82.63754080  82.87266304  83.06009607  83.19873986  83.28761163  83.32584784  83.31270657  83.24757070  83.12995208  82.95949708  82.73599396  82.45938231  82.12976517  81.74742403  81.31283714  80.82670124  80.28995679  79.70381631  79.06979521  78.38974400  77.66588018  76.90081744  76.09758961  75.25966582  74.39095374  73.49578754  72.57889821  71.64536479  70.70054698  69.75000133  
70.00000134  70.78985730  71.57697811  72.35873805  73.13252516  73.89574865  74.64584642  75.38029233  76.09660324  76.79234586  77.46514328  78.11268115  78.73271347  79.32306797  79.88165101  80.40645200  80.89554737  81.34710391  81.75938175  82.13073670  82.45962218  82.74459079  82.98429539  83.17749001  83.32303066  83.41987607  83.46708871  83.46383637  83.40939437  83.30314910  83.14460298  82.93338159  82.66924331  82.35209214  81.98199422  81.55919855  81.08416242  80.55758163  79.98042549  79.35397599  78.67987005  77.96014287  77.19726975  76.39420277  75.55439790  74.68182805  73.78097703  72.85681083  71.91472342  70.96045731  70.00000134  
70.25000135  71.02660356  71.80057530  72.56938940  73.33053144  74.08150678  74.81984750  75.54311918  76.24892742  76.93492422  77.59881390  78.23835882  78.85138457  79.43578479  79.98952547  80.51064880  80.99727646  81.44761230  81.85994457  82.23264755  82.56418267  82.85309911  83.09803407  83.29771263  83.45094745  83.55663843  83.61377258  83.62142432  83.57875654  83.48502298  83.33957222  83.14185402  82.89142858  82.58797958  82.23133166  81.82147326  81.35858543  80.84307727  80.27562812  79.65723631  78.98927331  78.27354136  77.51233148  76.70847724  75.86539864  74.98712964  74.07832225  73.14422100  72.19060373  71.22368726  70.25000135  
70.50000136  71.26315192  72.02378093  72.77946360  73.52778691  74.26635621  74.99280162  75.70478429  76.40000248  77.07619732  77.73115832  78.36272843  78.96880875  79.54736277  80.09642006  80.61407951  81.09851192  81.54796206  81.96075010  82.33527242  82.67000190  82.96348757  83.21435379  83.42129903  83.58309431  83.69858153  83.76667188  83.78634458  83.75664639  83.67669232  83.54566804  83.36283483  83.12753773  82.83921800  82.49743080  82.10186940  81.65239694  81.14908682  80.59227248  79.98260665  79.32112958  78.60934411  77.84929431  77.04364211  76.19573466  75.30965317  74.39023337  73.44304767  72.47434175  71.49092266  70.50000136  
70.75000136  71.49951370  72.24661764  72.98899463  73.72433699  74.45035394  75.16477759  75.86536862  76.54992192  77.21627179  77.86229693  78.48592501  79.08513679  79.65796978  80.20252137  80.71695141  81.19948419  81.64840969  82.06208436  82.43893101  82.77743820  83.07615889  83.33370847  83.54876230  83.72005273  83.84636586  83.92653825  83.95945374  83.94404090  83.87927155  83.76416094  83.59777044  83.37921368  83.10766735  82.78238801  82.40273649  81.96821161  81.47849483  80.93350740  80.33348096  79.67904160  78.97130603  78.21198623  77.40349640  76.54905286  75.65275447  74.71962901  73.75563048  72.76757472  71.76300660  70.75000136  
71.00000137  71.73570038  72.46910833  73.19801682  73.92022744  74.63355725  75.33584430  76.02495286  76.69877849  77.35525278  77.99234784  78.60808028  79.20051487  79.76776757  80.30800812  80.81946198  81.30041163  81.74919716  82.16421621  82.54392304  82.88682699  83.19148998  83.45652345  83.68058443  83.86237105  84.00061755  84.09408891  84.14157547  84.14188780  84.09385241  83.99630894  83.84810961  83.64812217  83.39523772  83.08838505  82.72655361  82.30882749  81.83443286  81.30280160  80.71365309  80.06709573  79.36374766  78.60487375  77.79253222  76.92971951  76.02049689  75.07007792  74.08485344  73.07233294  72.04098845  71.00000137  
71.25000138  71.97172353  72.69127606  73.40656467  74.11550414  74.81602335  75.50607031  76.18361692  76.84666355  77.49324329  78.12142594  78.72932147  79.31508315  79.87691006  80.41304910  80.92179630  81.40149750  81.85054825  82.26739293  82.65052303  82.99847458  83.30982463  83.58318683  83.81720617  84.01055272  84.16191471  84.26999091  84.33348257  84.35108532  84.32148139  84.24333286  84.11527692  83.93592417  83.70386174  83.41766315  83.07590752  82.67721126  82.22027582  81.70395551  81.12734933  80.48992022  79.79164335  79.03318220  78.21608623  77.34299719  76.41784295  75.44598924  74.43431380  73.39116696  72.32619234  71.25000138  
71.50000139  72.20759475  72.91314395  73.61467269  74.31021285  74.99780909  75.67552341  76.34143941  76.99366643  77.63034333  78.24964194  78.84977013  79.42897433  79.98554160  80.51780103  81.02412454  81.50292687  81.95266486  82.37183582  82.75897496  83.11265185  83.43146586  83.71404042  83.95901628  84.16504350  84.33077242  84.45484355  84.53587657  84.57245872  84.56313289  84.50638617  84.40063952  84.24424000  84.03545709  83.77248553  83.45345772  83.07646946  82.63962410  82.14110056  81.57925193  80.95274069  80.26071603  79.50303512  78.68052484  77.79527070  76.85090747  75.85287094  74.80855682  73.72732738  72.62031492  71.50000139  
71.75000139  72.44332563  73.13473506  73.82237520  74.50439892  75.17897062  75.84427022  76.49849713  77.13987379  77.76664912  78.37710142  78.96954100  79.54231227  80.09379525  80.62240652  81.12659943  81.60486356  82.05572335  82.47773576  82.86948692  83.22958773  83.55666814  83.84937031  84.10634021  84.32621798  84.50762661  84.64915927  84.74936508  84.80673360  84.81967827  84.78651928  84.70546655  84.57460408  84.39187727  84.15508571  83.86188481  83.50980082  83.09626561  82.61867863  82.07450578  81.46142560  80.77753337  80.02161150  79.19346823  78.29433498  77.32729428  76.29768535  75.21340766  74.08502403  72.92556803  71.75000139  
72.00000140  72.67892770  73.35607224  74.02970616  74.69810712  75.35956305  76.01237581  76.65486456  77.28536901  77.90225238  78.50390387  79.08874088  79.65521061  80.20179119  80.72699209  81.22935392  81.70744732  82.15987102  82.58524890  82.98222593  83.34946288  83.68562973  83.98939755  84.25942878  84.49436574  84.69281728  84.85334331  84.97443731  85.05450668  85.09185098  85.08463845  85.03088113  84.92840971  84.77484939  84.56759919  84.30381824  83.98042404  83.59410999  83.14139201  82.61869707  82.02250975  81.34959494  80.59731524  79.76405626  78.84976063  77.85654611  76.78934466  75.65644924  74.46980853  73.24489256  72.00000140  
72.25000141  72.91441234  73.57717807  74.23669900  74.89138130  75.53964020  76.17990327  76.81061340  77.43023163  78.03723964  78.63014196  79.20746766  79.76777163  80.30963524  80.83166645  81.33249905  81.81079120  82.26522297  82.69449285  83.09731313  83.47240384  83.81848534  84.13426917  84.41844702  84.66967770  84.88657163  85.06767296  85.21143863  85.31621456  85.38020853  85.40145973  85.37780523  85.30684376  85.18589785  85.01197619  84.78173946  84.49147462  84.13708546  83.71411090  83.21778730  82.64317706  81.98539171  81.23994268  80.40325290  79.47335175  78.45074676  77.33940916  76.14772404  74.88915350  73.58228856  72.25000141  
72.50000142  73.14979073  73.79807470  74.44338647  75.08426427  75.71925427  76.34691343  76.96581219  77.57453683  78.17169165  78.75590078  79.32580950  79.88008521  80.41741774  80.93651904  81.43612217  81.91497938  82.37185937  82.80554329  83.21481966  83.59847780  83.95529969  84.28404999  84.58346399  84.85223314  85.08898785  85.29227717  85.46054492  85.59210170  85.68509255  85.73745941  85.74689847  85.71081181  85.62625400  85.48987434  85.29785717  85.04586446  84.72898788  84.34172249  83.87798071  83.33117465  82.69440641  81.96081925  81.12417281  80.17970570  79.12532368  77.96308110  76.70078579  75.35335510  73.94334259  72.50000142  
72.75000142  73.38507386  74.01878379  74.64980049  75.27679759  75.89845564  76.51346456  77.12052594  77.71835511  78.30568295  78.88125732  79.44384418  79.99222815  80.52521257  81.04161893  81.54028557  82.02006552  82.47982342  82.91843135  83.33476332  83.72768839  84.09606206  84.43871571  84.75444379  85.04198832  85.30002032  85.52711758  85.72173819  85.88218905  86.00658859  86.09282270  86.13849292  86.14085588  86.09675322  86.00253155  85.85395307  85.64609903  85.37327145  85.02890344  84.60549684  84.09461850  83.48700517  82.77285173  81.94238680  80.98686465  79.90010250  78.68062732  77.33430800  75.87698478  74.33610461  72.75000142  
73.00000143  73.62027242  74.23932645  74.85597204  75.46902141  76.07729271  76.67961215  77.27481592  77.86175198  78.43928153  79.00628017  79.56163874  80.10426363  80.63307663  81.14701415  81.64502571  82.12607168  82.58912001  83.03314192  83.45710632  83.85997270  84.24068239  84.59814768  84.93123869  85.23876722  85.51946739  85.77197213  85.99478485  86.18624522  86.34448804  86.46739346  86.55252712  86.59706819  86.59772300  86.55062218  86.45119929  86.29404995  86.07277272  85.77979739  85.40621495  84.94163800  84.37414536  83.69040343  82.87611318  81.91700252  80.80064837  79.51941312  78.07459225  76.48130837  74.77261627  73.00000143  
73.25000144  73.85539682  74.45972317  75.06193112  75.66097441  76.25581179  76.84540883  77.42873954  78.00478783  78.57254872  79.13102931  79.67924928  80.21624111  80.74104971  81.25273153  81.75035298  82.23298809  82.69971527  83.14961301  83.58175435  83.99519991  84.38898920  84.76212991  85.11358473  85.44225528  85.74696250  86.02642270  86.27921839  86.50376256  86.69825500  86.86062867  86.98848378  87.07900642  87.12886834  87.13410314  87.08995396  86.99068702  86.82936597  86.59758404  86.28515742  85.87979613  85.36679585  84.72884346  83.94611583  82.99698806  81.85985601  80.51676539  78.95953959  77.19847408  75.27172827  73.25000144  
73.50000145  74.09045716  74.67999378  75.26770666  75.85269371  76.43405703  77.01090432  77.58235031  78.14751793  78.70553926  79.25555627  79.79672119  80.32819657  80.84915477  81.35877708  81.85625213  82.34077361  82.81153715  83.26773626  83.70855704  84.13317157  84.54072965  84.93034856  85.30110047  85.65199692  85.98196982  86.28984800  86.57432839  86.83394032  87.06700135  87.27156204  87.44533699  87.58561791  87.68916379  87.75206144  87.76954766  87.73578244  87.64355952  87.48393939  87.24578939  86.91522198  86.47494065  85.90355053  85.17499247  84.25846248  83.11954245  81.72382960  80.04497694  78.07905679  75.86465329  73.50000145  
73.75000145  74.32546322  74.90015746  75.47332655  76.04421495  76.61207046  77.17614545  77.73569796  78.28999263  78.83830148  79.37990443  79.91408956  80.44015305  80.95739867  81.46513689  81.96268343  82.44935710  82.92447702  83.38735887  83.83731010  84.27362396  84.69557193  85.10239445  85.49328932  85.86739747  86.22378536  86.56142312  86.87915744  87.17567773  87.44947363  87.69878135  87.92151555  88.11518194  88.27676466  88.40257959  88.48808212  88.52761315  88.51406126  88.43841148  88.28914150  88.05141739  87.70603703  87.22808667  86.58534853  85.73670564  84.63129312  83.21021594  81.41458975  79.20616774  76.60681628  73.75000145  
74.00000146  74.56042448  75.12023276  75.67881769  76.23557227  76.78989211  77.34117638  77.88882864  78.43225763  78.97087777  79.50410960  80.03137991  80.55212163  81.06577339  81.57177864  82.06958446  82.55863963  83.03839229  83.50828665  83.96775895  84.41623232  84.85311025  85.27776863  85.68954573  86.08772985  86.47154396  86.84012657  87.19250771  87.52757888  87.84405477  88.14042460  88.41488936  88.66528031  88.88895192  89.08263994  89.24227065  89.36270183  89.43736620  89.45777501  89.41281840  89.28777025  89.06286388  88.71125650  88.19616429  87.46700332  86.45474145  85.06794773  83.19457077  80.72256606  77.60559285  74.00000146  
74.25000147  74.79535012  75.34023762  75.88420600  76.42679847  76.96756015  77.50603877  78.04178529  78.57435446  79.10330518  79.62820081  80.14860924  80.66410275  81.17425766  81.67865364  82.17687266  82.66849757  83.15311014  83.63028855  84.09960412  84.56061724  85.01287228  85.45589116  85.88916544  86.31214645  86.72423294  87.12475566  87.51295796  87.88797118  88.24878333  88.59419865  88.92278517  89.23280570  89.52212601  89.78809114  90.02735602  90.23565032  90.40744586  90.53547794  90.61004263  90.61794403  90.54088451  90.35295518  90.01666311  89.47660344  88.64952516  87.40968073  85.57122222  82.88260819  79.09230105  74.25000147  
74.50000148  75.03024907  75.56018946  76.08951658  76.61792514  77.14511111  77.67077214  78.19460804  78.71632106  79.23561619  79.75220133  80.26578730  80.77608778  81.28281902  81.78569934  82.28444844  82.77878638  83.26843223  83.75310233  84.23250803  84.70635288  85.17432905  85.63611293  86.09135961  86.53969596  86.98071201  87.41395016  87.83889145  88.25493820  88.66139165  89.05742308  89.44203592  89.81401561  90.17186215  90.51369820  90.83714162  91.13912537  91.41563791  91.66134006  91.86898521  92.02851607  92.12561213  92.13926972  92.03761308  91.77034909  91.25465658  90.34807363  88.79654716  86.14333975  81.63048082  74.50000148  
74.75000148  75.26513002  75.78010522  76.29477381  76.80898289  77.32258019  77.83541426  78.34733474  78.85819246  79.36783961  79.87612980  80.38291811  80.88806100  81.39141617  81.89284234  82.39219886  82.88934517  83.38414017  83.87644127  84.36610327  84.85297689  85.33690700  85.81773029  86.29527246  86.76934470  87.23973922  87.70622370  88.16853417  88.62636604  89.07936246  89.52709923  89.96906496  90.40463460  90.83303378  91.25328968  91.66416242  92.06404722  92.45083145  92.82168049  93.17270740  93.49844513  93.79096927  94.03836933  94.22193095  94.31058244  94.24904398  93.93008872  93.12255039  91.26304330  86.78592787  74.75000148  
75.00000149  75.50000151  76.00000152  76.50000153  77.00000155  77.50000156  78.00000158  78.50000159  79.00000161  79.50000162  80.00000164  80.50000165  81.00000167  81.50000168  82.00000170  82.50000171  83.00000173  83.50000174  84.00000176  84.50000177  85.00000179  85.50000180  86.00000182  86.50000183  87.00000185  87.50000186  88.00000188  88.50000189  89.00000191  89.50000192  90.00000194  90.50000195  91.00000197  91.50000198  92.00000200  92.50000201  93.00000203  93.50000204  94.00000206  94.50000207  95.00000209  95.50000210  96.00000212  96.50000213  97.00000215  97.50000216  98.00000218  98.50000219  99.00000221  99.50000222  75.00000149  
